Image ID,Image name,Annotation status,Points,BRY,CNCA,CNTR,CRB,MOB,MOG,SP,WPOT,SC,Unc,MAA,MAEC,MAEF,MAEN,MAF,MAG,MALA,MALCB,MAS
3360189,AMP80013.jpg,Unconfirmed,100,0.000,0.000,0.000,40.000,0.000,0.000,0.000,0.000,59.000,0.000,0.000,0.000,0.000,0.000,0.000,0.000,0.000,0.000,1.000
3360190,AMP80014.jpg,Unconfirmed,100,0.000,0.000,0.000,51.000,1.000,0.000,0.000,0.000,47.000,0.000,0.000,0.000,0.000,0.000,0.000,0.000,0.000,0.000,1.000
3360188,AMP80015.jpg,Unconfirmed,100,0.000,0.000,0.000,13.000,0.000,0.000,0.000,0.000,74.000,0.000,0.000,0.000,0.000,5.000,0.000,0.000,0.000,0.000,8.000
3360187,AMP80016.jpg,Unconfirmed,100,0.000,0.000,0.000,19.000,4.000,0.000,0.000,0.000,52.000,0.000,0.000,0.000,0.000,19.000,0.000,0.000,0.000,0.000,6.000
3360186,AMP80017.jpg,Unconfirmed,100,0.000,0.000,0.000,10.000,0.000,0.000,0.000,0.000,72.000,0.000,0.000,0.000,0.000,1.000,0.000,0.000,0.000,0.000,17.000
3360185,AMP80018.jpg,Unconfirmed,100,0.000,0.000,0.000,25.000,2.000,0.000,0.000,0.000,44.000,0.000,0.000,0.000,0.000,18.000,0.000,0.000,0.000,0.000,11.000
3360184,AMP80019.jpg,Unconfirmed,100,0.000,0.000,0.000,21.000,1.000,0.000,0.000,0.000,71.000,0.000,0.000,0.000,0.000,3.000,0.000,0.000,0.000,0.000,4.000
3360183,AMP80020.jpg,Unconfirmed,100,0.000,0.000,0.000,16.000,0.000,0.000,0.000,0.000,63.000,0.000,0.000,0.000,0.000,4.000,0.000,0.000,0.000,0.000,17.000
3360182,AMP80021.jpg,Unconfirmed,100,0.000,0.000,0.000,4.000,0.000,0.000,0.000,0.000,83.000,0.000,0.000,0.000,0.000,10.000,0.000,0.000,0.000,0.000,3.000
3360181,AMP80022.jpg,Unconfirmed,100,0.000,0.000,0.000,7.000,1.000,0.000,0.000,0.000,66.000,0.000,0.000,0.000,0.000,14.000,0.000,0.000,0.000,0.000,12.000
3360180,AMP80023.jpg,Unconfirmed,100,0.000,0.000,0.000,2.000,1.000,0.000,0.000,0.000,51.000,0.000,0.000,0.000,0.000,10.000,0.000,0.000,0.000,0.000,36.000
3360179,AMP80024.jpg,Unconfirmed,100,0.000,0.000,0.000,0.000,1.000,0.000,0.000,0.000,66.000,0.000,0.000,0.000,0.000,28.000,0.000,0.000,0.000,0.000,5.000
3360178,AMP80025.jpg,Unconfirmed,100,0.000,0.000,0.000,1.000,0.000,0.000,0.000,0.000,70.000,0.000,0.000,0.000,0.000,27.000,0.000,0.000,0.000,0.000,2.000
3360177,AMP80026.jpg,Unconfirmed,100,0.000,0.000,0.000,1.000,1.000,0.000,0.000,0.000,86.000,0.000,0.000,0.000,0.000,11.000,0.000,0.000,0.000,0.000,1.000
3360176,AMP80027.jpg,Unconfirmed,100,0.000,0.000,0.000,2.000,0.000,0.000,0.000,0.000,57.000,0.000,0.000,0.000,0.000,38.000,1.000,0.000,0.000,0.000,2.000
3360175,AMP80028.jpg,Unconfirmed,100,0.000,0.000,0.000,4.000,0.000,0.000,0.000,0.000,68.000,0.000,0.000,0.000,0.000,22.000,0.000,0.000,0.000,0.000,6.000
3360174,AMP80029.jpg,Unconfirmed,100,0.000,0.000,0.000,14.000,1.000,0.000,0.000,0.000,66.000,0.000,0.000,0.000,0.000,13.000,0.000,0.000,0.000,0.000,6.000
3360173,AMP80030.jpg,Unconfirmed,100,0.000,0.000,0.000,6.000,0.000,0.000,0.000,0.000,70.000,0.000,0.000,0.000,0.000,13.000,0.000,0.000,0.000,0.000,11.000
3360172,AMP80031.jpg,Unconfirmed,100,0.000,0.000,0.000,3.000,0.000,0.000,0.000,0.000,93.000,0.000,0.000,0.000,0.000,1.000,1.000,0.000,0.000,0.000,2.000
3360171,AMP80032.jpg,Unconfirmed,100,0.000,0.000,0.000,8.000,2.000,0.000,0.000,0.000,54.000,0.000,0.000,0.000,0.000,21.000,0.000,0.000,0.000,0.000,15.000
3360170,AMP80033.jpg,Unconfirmed,100,0.000,0.000,0.000,8.000,1.000,0.000,0.000,0.000,80.000,0.000,0.000,0.000,0.000,3.000,1.000,0.000,0.000,0.000,7.000
3360169,AMP80034.jpg,Unconfirmed,100,0.000,0.000,0.000,6.000,2.000,0.000,0.000,0.000,66.000,0.000,0.000,0.000,0.000,18.000,0.000,0.000,0.000,0.000,8.000
3360168,AMP80035.jpg,Unconfirmed,100,0.000,0.000,0.000,9.000,2.000,0.000,0.000,0.000,85.000,0.000,0.000,0.000,0.000,2.000,0.000,0.000,0.000,0.000,2.000
3360167,AMP80036.jpg,Unconfirmed,100,0.000,0.000,0.000,7.000,2.000,0.000,0.000,0.000,68.000,0.000,0.000,0.000,0.000,16.000,0.000,0.000,0.000,0.000,7.000
3360166,AMP80037.jpg,Unconfirmed,100,0.000,0.000,0.000,8.000,0.000,0.000,0.000,0.000,83.000,0.000,0.000,0.000,0.000,5.000,0.000,0.000,0.000,0.000,4.000
3360165,AMP80038.jpg,Unconfirmed,100,0.000,0.000,0.000,6.000,1.000,0.000,0.000,0.000,74.000,0.000,0.000,0.000,0.000,6.000,0.000,0.000,0.000,0.000,13.000
3360164,AMP80039.jpg,Unconfirmed,100,0.000,0.000,0.000,27.000,1.000,0.000,0.000,0.000,61.000,0.000,0.000,0.000,0.000,4.000,0.000,0.000,0.000,0.000,7.000
3360163,AMP80040.jpg,Unconfirmed,100,0.000,0.000,0.000,9.000,2.000,0.000,0.000,0.000,54.000,0.000,0.000,0.000,0.000,15.000,0.000,0.000,0.000,0.000,20.000
3360162,AMP80041.jpg,Unconfirmed,100,0.000,0.000,0.000,22.000,8.000,0.000,0.000,0.000,38.000,0.000,0.000,0.000,0.000,21.000,0.000,0.000,0.000,0.000,11.000
3360161,AMP80042.jpg,Unconfirmed,100,0.000,0.000,0.000,1.000,2.000,0.000,0.000,0.000,54.000,0.000,0.000,0.000,0.000,14.000,0.000,0.000,0.000,0.000,29.000
3360160,AMP80043.jpg,Unconfirmed,100,0.000,0.000,0.000,17.000,1.000,0.000,0.000,0.000,47.000,0.000,0.000,0.000,0.000,14.000,0.000,0.000,0.000,0.000,21.000
3360159,AMP80044.jpg,Unconfirmed,100,0.000,0.000,0.000,22.000,7.000,0.000,0.000,0.000,47.000,0.000,0.000,0.000,0.000,14.000,0.000,0.000,0.000,0.000,10.000
3360158,AMP80045.jpg,Unconfirmed,100,0.000,0.000,0.000,35.000,1.000,0.000,0.000,0.000,59.000,0.000,0.000,0.000,0.000,1.000,0.000,0.000,0.000,0.000,4.000
3360157,AMP80046.jpg,Unconfirmed,100,0.000,0.000,0.000,48.000,1.000,0.000,0.000,0.000,45.000,0.000,0.000,0.000,0.000,0.000,0.000,0.000,0.000,0.000,6.000
3360156,AMP80047.jpg,Unconfirmed,100,0.000,0.000,0.000,59.000,3.000,0.000,0.000,0.000,27.000,0.000,0.000,0.000,0.000,1.000,0.000,0.000,0.000,0.000,10.000
3360155,AMP80048.jpg,Unconfirmed,100,0.000,0.000,0.000,55.000,5.000,0.000,0.000,0.000,22.000,0.000,0.000,0.000,0.000,0.000,0.000,0.000,0.000,0.000,18.000
3360154,AMP80049.jpg,Unconfirmed,100,0.000,0.000,0.000,41.000,0.000,0.000,0.000,0.000,57.000,0.000,0.000,0.000,0.000,0.000,0.000,0.000,0.000,0.000,2.000
3360153,AMP80051.jpg,Unconfirmed,100,0.000,0.000,0.000,43.000,6.000,0.000,0.000,0.000,42.000,0.000,0.000,0.000,0.000,1.000,0.000,0.000,0.000,0.000,8.000
3360152,AMP80052.jpg,Unconfirmed,100,0.000,0.000,0.000,19.000,0.000,0.000,0.000,0.000,81.000,0.000,0.000,0.000,0.000,0.000,0.000,0.000,0.000,0.000,0.000
3360151,AMP80053.jpg,Unconfirmed,100,0.000,0.000,0.000,45.000,6.000,0.000,0.000,0.000,49.000,0.000,0.000,0.000,0.000,0.000,0.000,0.000,0.000,0.000,0.000
3360150,AMP80054.jpg,Unconfirmed,100,0.000,0.000,0.000,51.000,1.000,0.000,0.000,0.000,46.000,0.000,0.000,0.000,0.000,0.000,0.000,0.000,0.000,0.000,2.000
3360149,AMP80055.jpg,Unconfirmed,100,0.000,0.000,0.000,10.000,2.000,0.000,0.000,0.000,81.000,0.000,0.000,0.000,0.000,3.000,1.000,0.000,0.000,0.000,3.000
3360148,AMP80056.jpg,Unconfirmed,100,0.000,0.000,0.000,32.000,0.000,0.000,0.000,0.000,60.000,0.000,0.000,0.000,0.000,1.000,0.000,0.000,0.000,0.000,7.000
3360147,AMP80057.jpg,Unconfirmed,100,0.000,0.000,0.000,19.000,0.000,0.000,0.000,0.000,74.000,0.000,0.000,0.000,0.000,4.000,0.000,0.000,0.000,0.000,3.000
3360146,AMP80058.jpg,Unconfirmed,100,0.000,0.000,0.000,37.000,1.000,0.000,0.000,0.000,58.000,0.000,0.000,0.000,0.000,0.000,0.000,0.000,0.000,0.000,4.000
3360145,AMP80059.jpg,Unconfirmed,100,0.000,0.000,0.000,32.000,0.000,0.000,0.000,0.000,68.000,0.000,0.000,0.000,0.000,0.000,0.000,0.000,0.000,0.000,0.000
3360144,AMP80060.jpg,Unconfirmed,100,0.000,0.000,0.000,21.000,0.000,0.000,0.000,0.000,73.000,0.000,0.000,0.000,0.000,6.000,0.000,0.000,0.000,0.000,0.000
3360143,AMP80061.jpg,Unconfirmed,100,0.000,0.000,0.000,28.000,0.000,0.000,0.000,0.000,64.000,0.000,0.000,0.000,0.000,6.000,0.000,0.000,0.000,0.000,2.000
3360142,AMP80062.jpg,Unconfirmed,100,0.000,0.000,0.000,15.000,0.000,0.000,0.000,0.000,81.000,0.000,0.000,0.000,0.000,1.000,0.000,0.000,0.000,0.000,3.000
3360141,AMP80063.jpg,Unconfirmed,100,0.000,0.000,0.000,25.000,1.000,0.000,0.000,0.000,62.000,0.000,0.000,0.000,0.000,1.000,0.000,0.000,0.000,0.000,11.000
3360140,AMP80064.jpg,Unconfirmed,100,0.000,0.000,0.000,30.000,0.000,0.000,0.000,0.000,66.000,0.000,0.000,0.000,0.000,4.000,0.000,0.000,0.000,0.000,0.000
3360139,AMP80065.jpg,Unconfirmed,100,0.000,0.000,0.000,43.000,0.000,0.000,0.000,0.000,47.000,0.000,0.000,0.000,0.000,5.000,0.000,0.000,0.000,0.000,5.000
3360138,AMP80066.jpg,Unconfirmed,100,0.000,0.000,0.000,27.000,2.000,0.000,0.000,0.000,46.000,0.000,0.000,0.000,0.000,4.000,0.000,0.000,0.000,0.000,21.000
3360136,AMP80073.jpg,Unconfirmed,100,0.000,0.000,0.000,0.000,19.000,0.000,0.000,0.000,23.000,0.000,0.000,0.000,0.000,2.000,0.000,0.000,0.000,0.000,56.000
3360135,AMP80074.jpg,Unconfirmed,100,0.000,0.000,0.000,0.000,31.000,0.000,0.000,0.000,31.000,0.000,0.000,0.000,0.000,0.000,0.000,0.000,0.000,0.000,38.000
3360134,AMP80075.jpg,Unconfirmed,100,0.000,0.000,0.000,1.000,23.000,0.000,0.000,0.000,13.000,0.000,0.000,0.000,0.000,0.000,0.000,0.000,0.000,0.000,63.000
3360133,AMP80076.jpg,Unconfirmed,100,0.000,0.000,0.000,3.000,27.000,0.000,0.000,0.000,32.000,0.000,0.000,0.000,0.000,1.000,0.000,0.000,0.000,0.000,37.000
3360132,AMP80077.jpg,Unconfirmed,100,0.000,0.000,0.000,0.000,10.000,0.000,0.000,0.000,36.000,0.000,0.000,0.000,0.000,0.000,0.000,0.000,0.000,0.000,54.000
3360131,AMP80078.jpg,Unconfirmed,100,0.000,0.000,0.000,0.000,16.000,0.000,0.000,0.000,25.000,0.000,0.000,0.000,0.000,0.000,0.000,0.000,0.000,0.000,59.000
3360130,AMP80079.jpg,Unconfirmed,100,0.000,0.000,0.000,1.000,8.000,0.000,0.000,0.000,29.000,0.000,0.000,0.000,0.000,1.000,0.000,0.000,0.000,0.000,61.000
3360129,AMP80080.jpg,Unconfirmed,100,0.000,0.000,0.000,1.000,25.000,0.000,0.000,0.000,45.000,0.000,0.000,0.000,0.000,0.000,0.000,0.000,0.000,0.000,29.000
3360128,AMP80081.jpg,Unconfirmed,100,0.000,0.000,0.000,1.000,22.000,0.000,0.000,0.000,50.000,0.000,0.000,0.000,0.000,0.000,0.000,0.000,0.000,0.000,27.000
3360127,AMP80082.jpg,Unconfirmed,100,0.000,0.000,0.000,0.000,13.000,0.000,0.000,0.000,25.000,0.000,0.000,0.000,0.000,0.000,0.000,0.000,0.000,0.000,62.000
3360126,AMP80083.jpg,Unconfirmed,100,0.000,0.000,0.000,0.000,18.000,0.000,0.000,0.000,39.000,0.000,0.000,0.000,0.000,1.000,0.000,0.000,0.000,0.000,42.000
3360125,AMP80084.jpg,Unconfirmed,100,0.000,0.000,0.000,0.000,4.000,0.000,0.000,0.000,51.000,0.000,0.000,0.000,0.000,0.000,0.000,0.000,0.000,0.000,45.000
3360124,AMP80085.jpg,Unconfirmed,100,0.000,0.000,0.000,0.000,18.000,0.000,0.000,0.000,50.000,0.000,0.000,0.000,0.000,0.000,0.000,0.000,0.000,0.000,32.000
3360123,AMP80086.jpg,Unconfirmed,100,0.000,0.000,0.000,1.000,1.000,0.000,0.000,0.000,63.000,0.000,0.000,0.000,0.000,3.000,0.000,0.000,0.000,0.000,32.000
3360122,AMP80087.jpg,Unconfirmed,100,0.000,0.000,0.000,0.000,7.000,0.000,0.000,0.000,48.000,0.000,0.000,0.000,0.000,6.000,0.000,0.000,0.000,0.000,39.000
3360121,AMP80088.jpg,Unconfirmed,100,0.000,0.000,0.000,0.000,16.000,0.000,0.000,0.000,36.000,0.000,0.000,0.000,0.000,0.000,0.000,0.000,0.000,0.000,48.000
3360120,AMP80089.jpg,Unconfirmed,100,0.000,0.000,0.000,0.000,12.000,0.000,0.000,0.000,25.000,0.000,0.000,0.000,0.000,0.000,0.000,0.000,0.000,0.000,63.000
3360119,AMP80090.jpg,Unconfirmed,100,0.000,0.000,0.000,0.000,14.000,0.000,0.000,0.000,27.000,0.000,0.000,0.000,0.000,0.000,0.000,0.000,0.000,0.000,59.000
3360118,AMP80091.jpg,Unconfirmed,100,0.000,0.000,0.000,2.000,21.000,0.000,0.000,0.000,28.000,0.000,0.000,0.000,0.000,0.000,0.000,0.000,0.000,0.000,49.000
3360117,AMP80092.jpg,Unconfirmed,100,0.000,0.000,0.000,2.000,13.000,0.000,0.000,0.000,44.000,0.000,0.000,0.000,0.000,0.000,0.000,0.000,0.000,0.000,41.000
3360116,AMP80093.jpg,Unconfirmed,100,0.000,0.000,0.000,0.000,14.000,0.000,0.000,0.000,35.000,0.000,0.000,0.000,0.000,3.000,0.000,0.000,0.000,0.000,48.000
3360115,AMP80094.jpg,Unconfirmed,100,0.000,0.000,0.000,1.000,10.000,0.000,0.000,0.000,34.000,0.000,0.000,0.000,0.000,4.000,0.000,0.000,0.000,0.000,51.000
3360114,AMP80095.jpg,Unconfirmed,100,0.000,0.000,0.000,1.000,22.000,0.000,0.000,0.000,31.000,0.000,0.000,0.000,0.000,0.000,0.000,0.000,0.000,0.000,46.000
3360113,AMP80096.jpg,Unconfirmed,100,0.000,0.000,0.000,0.000,15.000,0.000,0.000,0.000,55.000,0.000,0.000,0.000,0.000,2.000,0.000,0.000,0.000,0.000,28.000
3360112,AMP80097.jpg,Unconfirmed,100,0.000,0.000,0.000,2.000,3.000,0.000,0.000,0.000,66.000,0.000,0.000,0.000,0.000,0.000,0.000,0.000,0.000,0.000,29.000
3360111,AMP80098.jpg,Unconfirmed,100,0.000,0.000,0.000,0.000,31.000,0.000,0.000,0.000,37.000,0.000,0.000,0.000,0.000,0.000,0.000,0.000,0.000,0.000,32.000
3360110,AMP80099.jpg,Unconfirmed,100,0.000,0.000,0.000,0.000,26.000,0.000,0.000,0.000,18.000,0.000,0.000,0.000,0.000,2.000,0.000,0.000,0.000,0.000,54.000
3360109,AMP80100.jpg,Unconfirmed,100,0.000,0.000,0.000,0.000,33.000,0.000,0.000,0.000,30.000,0.000,0.000,0.000,0.000,0.000,0.000,0.000,0.000,0.000,37.000
3360108,AMP80101.jpg,Unconfirmed,100,0.000,0.000,0.000,0.000,7.000,0.000,0.000,0.000,45.000,0.000,0.000,0.000,0.000,2.000,0.000,0.000,0.000,0.000,46.000
3360107,AMP80102.jpg,Unconfirmed,100,0.000,0.000,0.000,0.000,13.000,0.000,0.000,0.000,30.000,0.000,0.000,0.000,0.000,0.000,0.000,0.000,0.000,0.000,57.000
3360106,AMP80103.jpg,Unconfirmed,100,0.000,0.000,0.000,0.000,11.000,0.000,0.000,0.000,26.000,0.000,0.000,0.000,0.000,5.000,0.000,0.000,0.000,0.000,58.000
3360105,AMP80104.jpg,Unconfirmed,100,0.000,0.000,0.000,0.000,16.000,0.000,0.000,0.000,41.000,0.000,0.000,0.000,0.000,1.000,0.000,0.000,0.000,0.000,42.000
3360104,AMP80105.jpg,Unconfirmed,100,0.000,0.000,0.000,1.000,14.000,0.000,0.000,0.000,47.000,0.000,0.000,0.000,0.000,4.000,0.000,0.000,0.000,0.000,34.000
3360103,AMP80106.jpg,Unconfirmed,100,0.000,0.000,0.000,0.000,6.000,0.000,0.000,0.000,31.000,0.000,0.000,0.000,0.000,0.000,0.000,0.000,0.000,0.000,63.000
3360102,AMP80107.jpg,Unconfirmed,100,0.000,0.000,0.000,1.000,12.000,0.000,0.000,0.000,28.000,0.000,0.000,0.000,0.000,0.000,0.000,0.000,0.000,0.000,59.000
3360101,AMP80108.jpg,Unconfirmed,100,0.000,0.000,0.000,0.000,13.000,0.000,0.000,0.000,40.000,0.000,0.000,0.000,0.000,0.000,0.000,0.000,0.000,0.000,47.000
3360100,AMP80109.jpg,Unconfirmed,100,0.000,0.000,0.000,0.000,10.000,0.000,0.000,0.000,57.000,0.000,0.000,0.000,0.000,2.000,0.000,0.000,0.000,0.000,31.000
3360099,AMP80110.jpg,Unconfirmed,100,0.000,0.000,0.000,0.000,10.000,0.000,0.000,0.000,52.000,0.000,0.000,0.000,0.000,0.000,0.000,0.000,0.000,0.000,38.000
3360098,AMP80111.jpg,Unconfirmed,100,0.000,0.000,0.000,0.000,9.000,0.000,0.000,0.000,34.000,0.000,0.000,0.000,0.000,1.000,0.000,0.000,0.000,0.000,56.000
3360097,AMP80112.jpg,Unconfirmed,100,0.000,0.000,0.000,9.000,10.000,0.000,0.000,0.000,46.000,0.000,0.000,0.000,0.000,0.000,0.000,0.000,0.000,0.000,35.000
3360096,AMP80113.jpg,Unconfirmed,100,0.000,0.000,0.000,1.000,12.000,0.000,0.000,0.000,30.000,0.000,0.000,0.000,0.000,1.000,0.000,0.000,0.000,0.000,56.000
3360095,AMP80114.jpg,Unconfirmed,100,0.000,0.000,0.000,0.000,14.000,0.000,0.000,0.000,47.000,0.000,0.000,0.000,0.000,0.000,0.000,0.000,0.000,0.000,39.000
3360094,AMP80115.jpg,Unconfirmed,100,0.000,0.000,0.000,0.000,5.000,0.000,0.000,0.000,57.000,0.000,0.000,0.000,0.000,0.000,0.000,0.000,0.000,0.000,38.000
3360093,AMP80116.jpg,Unconfirmed,100,0.000,0.000,0.000,0.000,19.000,0.000,0.000,0.000,57.000,0.000,0.000,0.000,0.000,5.000,0.000,0.000,0.000,0.000,19.000
3360092,AMP80117.jpg,Unconfirmed,100,0.000,0.000,0.000,0.000,27.000,0.000,0.000,0.000,50.000,0.000,0.000,0.000,0.000,0.000,0.000,0.000,0.000,0.000,23.000
3360091,AMP80118.jpg,Unconfirmed,100,0.000,0.000,0.000,0.000,37.000,0.000,0.000,0.000,17.000,0.000,0.000,0.000,0.000,0.000,0.000,0.000,0.000,0.000,46.000
3360090,AMP80119.jpg,Unconfirmed,100,0.000,0.000,0.000,0.000,23.000,0.000,0.000,0.000,34.000,0.000,0.000,0.000,0.000,1.000,0.000,0.000,0.000,0.000,42.000
3360089,AMP80120.jpg,Unconfirmed,100,0.000,0.000,0.000,0.000,9.000,0.000,0.000,0.000,56.000,0.000,0.000,0.000,0.000,7.000,0.000,0.000,0.000,0.000,28.000
3360088,AMP80122.jpg,Unconfirmed,100,0.000,0.000,0.000,0.000,0.000,0.000,0.000,0.000,53.000,0.000,0.000,0.000,0.000,33.000,0.000,0.000,0.000,0.000,14.000
3360087,AMP80123.jpg,Unconfirmed,100,0.000,0.000,0.000,0.000,0.000,0.000,0.000,0.000,61.000,0.000,0.000,0.000,0.000,20.000,0.000,0.000,0.000,0.000,19.000
3360086,AMP80124.jpg,Unconfirmed,100,0.000,0.000,0.000,0.000,0.000,0.000,0.000,0.000,45.000,0.000,0.000,0.000,0.000,45.000,3.000,0.000,0.000,0.000,7.000
3360085,AMP80125.jpg,Unconfirmed,100,0.000,0.000,0.000,0.000,0.000,0.000,0.000,0.000,37.000,0.000,0.000,0.000,0.000,5.000,0.000,0.000,0.000,0.000,58.000
3360084,AMP80126.jpg,Unconfirmed,100,0.000,0.000,0.000,1.000,1.000,0.000,0.000,0.000,40.000,0.000,0.000,0.000,0.000,12.000,0.000,0.000,0.000,0.000,46.000
3360083,AMP80127.jpg,Unconfirmed,100,0.000,0.000,0.000,0.000,0.000,0.000,0.000,0.000,42.000,0.000,0.000,0.000,0.000,22.000,0.000,0.000,0.000,0.000,36.000
3360082,AMP80128.jpg,Unconfirmed,100,0.000,0.000,0.000,0.000,0.000,0.000,0.000,0.000,54.000,0.000,0.000,0.000,0.000,13.000,0.000,0.000,0.000,0.000,33.000
3360081,AMP80129.jpg,Unconfirmed,100,0.000,0.000,0.000,0.000,0.000,0.000,0.000,0.000,39.000,0.000,0.000,0.000,0.000,20.000,0.000,0.000,0.000,0.000,41.000
3360080,AMP80130.jpg,Unconfirmed,100,0.000,0.000,0.000,0.000,0.000,0.000,0.000,0.000,39.000,0.000,0.000,0.000,0.000,19.000,0.000,0.000,0.000,0.000,42.000
3360079,AMP80131.jpg,Unconfirmed,100,0.000,0.000,0.000,0.000,0.000,0.000,0.000,0.000,47.000,0.000,0.000,0.000,0.000,29.000,0.000,0.000,0.000,0.000,24.000
3360078,AMP80132.jpg,Unconfirmed,100,0.000,0.000,0.000,1.000,0.000,0.000,0.000,0.000,52.000,0.000,0.000,0.000,0.000,25.000,0.000,0.000,0.000,0.000,22.000
3360077,AMP80133.jpg,Unconfirmed,100,0.000,0.000,0.000,0.000,0.000,0.000,0.000,0.000,54.000,0.000,0.000,0.000,0.000,31.000,0.000,0.000,0.000,0.000,15.000
3360076,AMP80134.jpg,Unconfirmed,100,0.000,0.000,0.000,1.000,0.000,0.000,0.000,0.000,60.000,0.000,0.000,0.000,0.000,29.000,0.000,0.000,0.000,0.000,10.000
3360075,AMP80135.jpg,Unconfirmed,100,0.000,0.000,0.000,0.000,0.000,0.000,0.000,0.000,68.000,0.000,0.000,0.000,0.000,22.000,0.000,0.000,0.000,0.000,10.000
3360074,AMP80136.jpg,Unconfirmed,100,0.000,0.000,0.000,0.000,0.000,0.000,0.000,0.000,59.000,0.000,0.000,0.000,0.000,23.000,0.000,0.000,0.000,0.000,18.000
3360073,AMP80137.jpg,Unconfirmed,100,0.000,0.000,0.000,0.000,0.000,0.000,0.000,0.000,63.000,0.000,0.000,0.000,0.000,19.000,0.000,0.000,0.000,0.000,18.000
3360072,AMP80138.jpg,Unconfirmed,100,0.000,0.000,0.000,0.000,0.000,0.000,0.000,0.000,61.000,0.000,0.000,0.000,0.000,8.000,0.000,0.000,0.000,0.000,31.000
3360071,AMP80139.jpg,Unconfirmed,100,0.000,0.000,0.000,0.000,0.000,0.000,0.000,0.000,58.000,0.000,0.000,0.000,0.000,34.000,0.000,0.000,0.000,0.000,8.000
3360070,AMP80140.jpg,Unconfirmed,100,0.000,0.000,0.000,0.000,0.000,0.000,0.000,0.000,57.000,0.000,0.000,0.000,0.000,1.000,0.000,0.000,0.000,0.000,42.000
3360069,AMP80141.jpg,Unconfirmed,100,0.000,0.000,0.000,0.000,0.000,0.000,0.000,0.000,63.000,0.000,0.000,0.000,0.000,9.000,0.000,0.000,0.000,0.000,28.000
3360068,AMP80142.jpg,Unconfirmed,100,0.000,0.000,0.000,0.000,0.000,0.000,0.000,0.000,71.000,0.000,0.000,0.000,0.000,11.000,0.000,0.000,0.000,0.000,18.000
3360067,AMP80143.jpg,Unconfirmed,100,0.000,0.000,0.000,1.000,0.000,0.000,0.000,0.000,73.000,0.000,0.000,0.000,0.000,9.000,0.000,0.000,0.000,0.000,17.000
3360066,AMP80144.jpg,Unconfirmed,100,0.000,0.000,0.000,0.000,0.000,0.000,0.000,0.000,64.000,0.000,0.000,0.000,0.000,2.000,0.000,0.000,0.000,0.000,34.000
3360065,AMP80145.jpg,Unconfirmed,100,0.000,0.000,0.000,0.000,0.000,0.000,0.000,0.000,59.000,0.000,0.000,0.000,0.000,0.000,0.000,0.000,0.000,0.000,41.000
3360064,AMP80146.jpg,Unconfirmed,100,0.000,0.000,0.000,0.000,0.000,0.000,0.000,0.000,56.000,0.000,0.000,0.000,0.000,5.000,0.000,0.000,0.000,0.000,39.000
3360063,AMP80147.jpg,Unconfirmed,100,0.000,0.000,0.000,0.000,0.000,0.000,0.000,0.000,61.000,0.000,0.000,0.000,0.000,2.000,0.000,0.000,0.000,0.000,37.000
3360062,AMP80148.jpg,Unconfirmed,100,0.000,0.000,0.000,0.000,0.000,0.000,0.000,0.000,68.000,0.000,0.000,0.000,0.000,8.000,0.000,0.000,0.000,0.000,24.000
3360061,AMP80149.jpg,Unconfirmed,100,0.000,0.000,0.000,0.000,0.000,0.000,0.000,0.000,66.000,0.000,0.000,0.000,0.000,3.000,0.000,0.000,0.000,0.000,31.000
3360060,AMP80150.jpg,Unconfirmed,100,0.000,0.000,0.000,0.000,0.000,0.000,0.000,0.000,71.000,0.000,0.000,0.000,0.000,5.000,0.000,0.000,0.000,0.000,24.000
3360059,AMP80151.jpg,Unconfirmed,100,0.000,0.000,0.000,1.000,0.000,0.000,0.000,0.000,64.000,0.000,0.000,0.000,0.000,7.000,0.000,0.000,0.000,0.000,28.000
3360058,AMP80152.jpg,Unconfirmed,100,0.000,0.000,0.000,0.000,0.000,0.000,0.000,0.000,58.000,0.000,0.000,0.000,0.000,12.000,0.000,0.000,0.000,0.000,30.000
3360057,AMP80153.jpg,Unconfirmed,100,0.000,0.000,0.000,2.000,0.000,0.000,0.000,0.000,74.000,0.000,0.000,0.000,0.000,7.000,0.000,0.000,0.000,0.000,17.000
3360056,AMP80154.jpg,Unconfirmed,100,0.000,0.000,0.000,0.000,0.000,0.000,0.000,0.000,67.000,0.000,0.000,0.000,0.000,13.000,0.000,0.000,0.000,0.000,20.000
3360055,AMP80155.jpg,Unconfirmed,100,0.000,0.000,0.000,0.000,0.000,0.000,0.000,0.000,53.000,0.000,0.000,0.000,0.000,16.000,0.000,0.000,0.000,0.000,31.000
3360054,AMP80156.jpg,Unconfirmed,100,0.000,0.000,0.000,0.000,0.000,0.000,0.000,0.000,81.000,0.000,0.000,0.000,0.000,1.000,0.000,0.000,0.000,0.000,18.000
3360053,AMP80157.jpg,Unconfirmed,100,0.000,0.000,0.000,1.000,0.000,0.000,0.000,0.000,58.000,0.000,0.000,0.000,0.000,12.000,1.000,0.000,0.000,0.000,28.000
3360052,AMP80158.jpg,Unconfirmed,100,0.000,0.000,0.000,0.000,0.000,0.000,0.000,0.000,50.000,0.000,0.000,0.000,0.000,6.000,0.000,0.000,0.000,0.000,44.000
3360051,AMP80159.jpg,Unconfirmed,100,0.000,0.000,0.000,0.000,0.000,0.000,0.000,0.000,61.000,0.000,0.000,0.000,0.000,9.000,0.000,0.000,0.000,0.000,30.000
3360050,AMP80160.jpg,Unconfirmed,100,0.000,0.000,0.000,0.000,0.000,0.000,0.000,0.000,69.000,0.000,0.000,0.000,0.000,20.000,0.000,0.000,0.000,0.000,11.000
3360049,AMP80161.jpg,Unconfirmed,100,0.000,0.000,0.000,0.000,0.000,0.000,0.000,0.000,78.000,0.000,0.000,0.000,0.000,1.000,0.000,0.000,0.000,0.000,21.000
3360048,AMP80162.jpg,Unconfirmed,100,0.000,0.000,0.000,0.000,0.000,0.000,0.000,0.000,81.000,0.000,0.000,0.000,0.000,0.000,0.000,0.000,0.000,0.000,19.000
3360047,AMP80163.jpg,Unconfirmed,100,0.000,0.000,0.000,2.000,0.000,0.000,0.000,0.000,69.000,0.000,0.000,0.000,0.000,2.000,2.000,0.000,0.000,0.000,25.000
3360046,AMP80164.jpg,Unconfirmed,100,0.000,0.000,0.000,0.000,0.000,0.000,0.000,0.000,52.000,0.000,0.000,0.000,0.000,4.000,0.000,0.000,0.000,0.000,44.000
3360045,AMP80165.jpg,Unconfirmed,100,0.000,0.000,0.000,0.000,0.000,0.000,0.000,0.000,69.000,0.000,0.000,0.000,0.000,3.000,0.000,0.000,0.000,0.000,28.000
3360044,AMP80166.jpg,Unconfirmed,100,0.000,0.000,0.000,0.000,0.000,0.000,0.000,0.000,68.000,0.000,0.000,0.000,0.000,3.000,0.000,0.000,0.000,0.000,29.000
3360043,AMP80167.jpg,Unconfirmed,100,0.000,0.000,0.000,0.000,0.000,0.000,0.000,0.000,70.000,0.000,0.000,0.000,0.000,2.000,0.000,0.000,0.000,0.000,28.000
3360042,AMP80168.jpg,Unconfirmed,100,0.000,0.000,0.000,0.000,1.000,0.000,0.000,0.000,68.000,0.000,0.000,0.000,0.000,1.000,0.000,0.000,0.000,0.000,30.000
3360041,AMP80169.jpg,Unconfirmed,100,0.000,0.000,0.000,0.000,0.000,0.000,0.000,0.000,56.000,0.000,0.000,0.000,0.000,11.000,0.000,0.000,0.000,0.000,33.000
3360040,AMP80170.jpg,Unconfirmed,100,0.000,0.000,0.000,0.000,0.000,0.000,0.000,0.000,65.000,0.000,0.000,0.000,0.000,5.000,0.000,0.000,0.000,0.000,30.000
3360039,AMP80171.jpg,Unconfirmed,100,0.000,0.000,0.000,0.000,0.000,0.000,0.000,0.000,72.000,0.000,0.000,0.000,0.000,2.000,0.000,0.000,0.000,0.000,26.000
3360038,AMP80188.jpg,Unconfirmed,100,0.000,0.000,0.000,16.000,27.000,0.000,0.000,0.000,12.000,0.000,0.000,0.000,0.000,34.000,0.000,0.000,0.000,0.000,11.000
3360037,AMP80189.jpg,Unconfirmed,100,0.000,0.000,0.000,24.000,9.000,0.000,0.000,0.000,25.000,0.000,0.000,0.000,0.000,23.000,0.000,0.000,0.000,0.000,19.000
3360036,AMP80190.jpg,Unconfirmed,100,0.000,0.000,0.000,1.000,7.000,0.000,0.000,0.000,6.000,0.000,0.000,0.000,0.000,83.000,0.000,0.000,0.000,0.000,3.000
3360035,AMP80191.jpg,Unconfirmed,100,0.000,0.000,0.000,7.000,50.000,0.000,0.000,0.000,13.000,0.000,0.000,0.000,0.000,20.000,0.000,0.000,0.000,0.000,10.000
3360034,AMP80192.jpg,Unconfirmed,100,0.000,0.000,0.000,10.000,21.000,0.000,0.000,0.000,24.000,0.000,2.000,0.000,0.000,42.000,0.000,0.000,0.000,0.000,1.000
3360033,AMP80193.jpg,Unconfirmed,100,0.000,0.000,0.000,3.000,3.000,0.000,0.000,0.000,38.000,0.000,0.000,0.000,0.000,56.000,0.000,0.000,0.000,0.000,0.000
3360032,AMP80194.jpg,Unconfirmed,100,0.000,0.000,0.000,3.000,15.000,0.000,0.000,0.000,65.000,0.000,0.000,0.000,0.000,15.000,0.000,0.000,0.000,0.000,2.000
3360031,AMP80195.jpg,Unconfirmed,100,0.000,0.000,0.000,7.000,0.000,0.000,0.000,0.000,19.000,0.000,0.000,0.000,0.000,74.000,0.000,0.000,0.000,0.000,0.000
3360030,AMP80196.jpg,Unconfirmed,100,0.000,0.000,0.000,5.000,10.000,0.000,0.000,0.000,57.000,0.000,0.000,0.000,0.000,28.000,0.000,0.000,0.000,0.000,0.000
3360029,AMP80197.jpg,Unconfirmed,100,0.000,0.000,0.000,1.000,2.000,0.000,0.000,0.000,61.000,0.000,1.000,0.000,0.000,35.000,0.000,0.000,0.000,0.000,0.000
3360028,AMP80198.jpg,Unconfirmed,100,0.000,0.000,0.000,2.000,33.000,0.000,0.000,0.000,46.000,0.000,0.000,0.000,0.000,12.000,0.000,0.000,0.000,0.000,7.000
3360027,AMP80199.jpg,Unconfirmed,100,0.000,0.000,0.000,1.000,82.000,0.000,0.000,0.000,11.000,0.000,0.000,0.000,0.000,1.000,0.000,0.000,0.000,0.000,5.000
3360026,AMP80200.jpg,Unconfirmed,100,0.000,0.000,0.000,0.000,2.000,0.000,0.000,0.000,21.000,0.000,0.000,0.000,0.000,77.000,0.000,0.000,0.000,0.000,0.000
3360025,AMP80201.jpg,Unconfirmed,100,0.000,0.000,0.000,2.000,12.000,0.000,0.000,0.000,27.000,0.000,0.000,0.000,0.000,58.000,0.000,0.000,0.000,0.000,1.000
3360024,AMP80202.jpg,Unconfirmed,100,0.000,0.000,0.000,7.000,33.000,0.000,0.000,0.000,34.000,0.000,0.000,0.000,0.000,3.000,0.000,0.000,0.000,0.000,23.000
3360023,AMP80203.jpg,Unconfirmed,100,0.000,0.000,0.000,1.000,41.000,0.000,0.000,0.000,35.000,0.000,0.000,0.000,0.000,0.000,0.000,0.000,0.000,0.000,23.000
3360022,AMP80204.jpg,Unconfirmed,100,0.000,0.000,0.000,11.000,5.000,0.000,0.000,0.000,35.000,0.000,0.000,0.000,0.000,49.000,0.000,0.000,0.000,0.000,0.000
3360021,AMP80205.jpg,Unconfirmed,100,0.000,0.000,0.000,1.000,10.000,0.000,0.000,0.000,57.000,0.000,0.000,0.000,0.000,32.000,0.000,0.000,0.000,0.000,0.000
3360020,AMP80206.jpg,Unconfirmed,100,0.000,0.000,0.000,8.000,0.000,0.000,0.000,0.000,35.000,0.000,0.000,0.000,0.000,57.000,0.000,0.000,0.000,0.000,0.000
3360019,AMP80207.jpg,Unconfirmed,100,0.000,0.000,0.000,9.000,8.000,0.000,0.000,0.000,40.000,0.000,0.000,0.000,0.000,43.000,0.000,0.000,0.000,0.000,0.000
3360018,AMP80208.jpg,Unconfirmed,100,0.000,0.000,0.000,20.000,1.000,0.000,0.000,0.000,62.000,0.000,0.000,0.000,0.000,17.000,0.000,0.000,0.000,0.000,0.000
3360017,AMP80209.jpg,Unconfirmed,100,0.000,0.000,0.000,9.000,4.000,0.000,0.000,0.000,53.000,0.000,0.000,0.000,0.000,33.000,0.000,0.000,0.000,0.000,1.000
3360016,AMP80210.jpg,Unconfirmed,100,0.000,0.000,0.000,11.000,9.000,0.000,0.000,0.000,59.000,0.000,0.000,0.000,0.000,18.000,0.000,0.000,0.000,0.000,3.000
3360015,AMP80211.jpg,Unconfirmed,100,0.000,0.000,0.000,17.000,10.000,0.000,0.000,0.000,66.000,0.000,0.000,0.000,0.000,6.000,0.000,0.000,0.000,0.000,1.000
3360014,AMP80212.jpg,Unconfirmed,100,0.000,0.000,0.000,11.000,5.000,0.000,0.000,0.000,11.000,0.000,0.000,0.000,0.000,71.000,0.000,0.000,0.000,0.000,2.000
3360013,AMP80213.jpg,Unconfirmed,100,0.000,0.000,0.000,6.000,7.000,0.000,0.000,0.000,20.000,0.000,2.000,0.000,0.000,63.000,0.000,0.000,0.000,0.000,2.000
3360012,AMP80214.jpg,Unconfirmed,100,0.000,0.000,0.000,5.000,5.000,0.000,0.000,0.000,16.000,0.000,0.000,0.000,0.000,74.000,0.000,0.000,0.000,0.000,0.000
3360011,AMP80215.jpg,Unconfirmed,100,0.000,0.000,0.000,25.000,23.000,0.000,0.000,0.000,17.000,0.000,0.000,0.000,0.000,31.000,0.000,0.000,0.000,0.000,4.000
3360010,AMP80216.jpg,Unconfirmed,100,0.000,0.000,0.000,2.000,45.000,0.000,0.000,0.000,8.000,0.000,0.000,0.000,0.000,31.000,0.000,0.000,0.000,0.000,14.000
3360009,AMP80217.jpg,Unconfirmed,100,0.000,0.000,0.000,25.000,19.000,0.000,0.000,0.000,6.000,0.000,0.000,0.000,0.000,43.000,0.000,0.000,0.000,0.000,7.000
3360008,AMP80218.jpg,Unconfirmed,100,0.000,0.000,0.000,28.000,11.000,0.000,0.000,0.000,27.000,0.000,0.000,0.000,0.000,34.000,0.000,0.000,0.000,0.000,0.000
3360007,AMP80219.jpg,Unconfirmed,100,0.000,0.000,0.000,15.000,52.000,0.000,0.000,0.000,13.000,0.000,0.000,0.000,0.000,19.000,0.000,0.000,0.000,0.000,1.000
3360006,AMP80220.jpg,Unconfirmed,100,0.000,0.000,0.000,4.000,4.000,0.000,0.000,0.000,29.000,0.000,0.000,0.000,0.000,62.000,0.000,0.000,0.000,0.000,1.000
3360005,AMP80221.jpg,Unconfirmed,100,0.000,0.000,0.000,27.000,15.000,0.000,0.000,0.000,30.000,0.000,0.000,0.000,0.000,27.000,0.000,0.000,0.000,0.000,1.000
3360004,AMP80222.jpg,Unconfirmed,100,0.000,0.000,0.000,46.000,13.000,0.000,0.000,0.000,23.000,0.000,0.000,0.000,0.000,18.000,0.000,0.000,0.000,0.000,0.000
3360003,AMP80223.jpg,Unconfirmed,100,0.000,0.000,0.000,51.000,2.000,0.000,0.000,0.000,27.000,0.000,0.000,0.000,0.000,18.000,0.000,0.000,0.000,0.000,2.000
3360002,AMP80224.jpg,Unconfirmed,100,0.000,0.000,0.000,43.000,4.000,0.000,0.000,0.000,42.000,0.000,0.000,0.000,0.000,11.000,0.000,0.000,0.000,0.000,0.000
3360001,AMP80225.jpg,Unconfirmed,100,0.000,0.000,0.000,17.000,4.000,0.000,0.000,0.000,45.000,0.000,0.000,0.000,0.000,32.000,0.000,0.000,0.000,0.000,2.000
3360000,AMP80226.jpg,Unconfirmed,100,0.000,0.000,0.000,45.000,30.000,0.000,0.000,0.000,10.000,0.000,0.000,0.000,0.000,8.000,0.000,0.000,0.000,0.000,7.000
3359968,AMP80227.jpg,Unconfirmed,100,0.000,0.000,0.000,35.000,17.000,0.000,0.000,0.000,20.000,0.000,0.000,0.000,0.000,24.000,0.000,0.000,0.000,0.000,4.000
3359967,AMP80228.jpg,Unconfirmed,100,0.000,0.000,0.000,35.000,12.000,0.000,0.000,0.000,14.000,0.000,0.000,0.000,0.000,37.000,0.000,0.000,0.000,0.000,2.000
3359966,AMP80229.jpg,Unconfirmed,100,0.000,0.000,0.000,20.000,35.000,0.000,0.000,0.000,7.000,0.000,0.000,0.000,0.000,19.000,0.000,0.000,0.000,0.000,19.000
3359965,AMP80230.jpg,Unconfirmed,100,0.000,0.000,0.000,3.000,1.000,0.000,0.000,0.000,18.000,0.000,0.000,0.000,0.000,70.000,0.000,0.000,0.000,0.000,8.000
3359963,AMP80232.jpg,Unconfirmed,100,0.000,0.000,0.000,3.000,88.000,0.000,0.000,0.000,0.000,0.000,0.000,0.000,0.000,1.000,0.000,0.000,0.000,0.000,8.000
3359962,AMP80233.jpg,Unconfirmed,100,0.000,0.000,0.000,0.000,89.000,0.000,0.000,0.000,0.000,0.000,0.000,0.000,0.000,0.000,0.000,0.000,0.000,0.000,11.000
3359961,AMP80234.jpg,Unconfirmed,100,0.000,0.000,0.000,0.000,97.000,0.000,0.000,0.000,0.000,0.000,0.000,0.000,0.000,0.000,0.000,0.000,0.000,0.000,3.000
3359960,AMP80235.jpg,Unconfirmed,100,0.000,0.000,0.000,0.000,99.000,0.000,0.000,0.000,1.000,0.000,0.000,0.000,0.000,0.000,0.000,0.000,0.000,0.000,0.000
3359959,AMP80236.jpg,Unconfirmed,100,0.000,0.000,0.000,0.000,71.000,0.000,0.000,0.000,1.000,0.000,0.000,0.000,0.000,0.000,0.000,0.000,0.000,0.000,28.000
3359958,AMP80237.jpg,Unconfirmed,100,0.000,0.000,0.000,18.000,35.000,0.000,0.000,0.000,6.000,0.000,0.000,0.000,0.000,0.000,0.000,0.000,0.000,0.000,41.000
3359957,AMP80238.jpg,Unconfirmed,100,0.000,0.000,0.000,1.000,54.000,0.000,0.000,0.000,1.000,0.000,0.000,0.000,0.000,1.000,0.000,0.000,0.000,0.000,43.000
3359955,AMP80239.jpg,Unconfirmed,100,0.000,0.000,0.000,9.000,87.000,0.000,0.000,0.000,0.000,0.000,0.000,0.000,0.000,0.000,0.000,0.000,0.000,0.000,4.000
3359954,AMP80240.jpg,Unconfirmed,100,0.000,0.000,0.000,1.000,62.000,0.000,0.000,0.000,3.000,0.000,0.000,0.000,0.000,8.000,0.000,0.000,0.000,0.000,26.000
3359953,AMP80241.jpg,Unconfirmed,100,0.000,0.000,0.000,5.000,75.000,0.000,0.000,0.000,3.000,0.000,0.000,0.000,0.000,0.000,0.000,0.000,0.000,0.000,17.000
3359952,AMP80242.jpg,Unconfirmed,100,0.000,0.000,0.000,7.000,61.000,0.000,0.000,0.000,3.000,0.000,0.000,0.000,0.000,0.000,0.000,0.000,0.000,0.000,29.000
3359951,AMP80243.jpg,Unconfirmed,100,0.000,0.000,0.000,11.000,63.000,0.000,0.000,0.000,2.000,0.000,0.000,0.000,0.000,2.000,0.000,0.000,0.000,0.000,22.000
3359950,AMP80244.jpg,Unconfirmed,100,0.000,0.000,0.000,3.000,76.000,0.000,0.000,0.000,0.000,0.000,0.000,0.000,0.000,1.000,0.000,0.000,0.000,0.000,20.000
3359949,AMP80245.jpg,Unconfirmed,100,0.000,0.000,0.000,1.000,82.000,0.000,0.000,0.000,4.000,0.000,0.000,0.000,0.000,0.000,0.000,0.000,0.000,0.000,13.000
3359947,AMP80246.jpg,Unconfirmed,100,0.000,0.000,0.000,1.000,74.000,0.000,0.000,0.000,0.000,0.000,1.000,0.000,0.000,1.000,0.000,0.000,0.000,0.000,23.000
3359946,AMP80247.jpg,Unconfirmed,100,0.000,0.000,0.000,1.000,82.000,0.000,0.000,0.000,2.000,0.000,0.000,0.000,0.000,0.000,0.000,0.000,0.000,0.000,15.000
3359945,AMP80248.jpg,Unconfirmed,100,0.000,0.000,0.000,6.000,70.000,0.000,0.000,0.000,0.000,0.000,0.000,0.000,0.000,0.000,0.000,0.000,0.000,0.000,24.000
3359944,AMP80249.jpg,Unconfirmed,100,0.000,0.000,0.000,16.000,55.000,0.000,0.000,0.000,11.000,0.000,0.000,0.000,0.000,3.000,0.000,0.000,0.000,0.000,15.000
3359943,AMP80250.jpg,Unconfirmed,100,0.000,0.000,0.000,6.000,67.000,0.000,0.000,0.000,1.000,0.000,0.000,0.000,0.000,1.000,0.000,0.000,0.000,0.000,25.000
3359942,AMP80251.jpg,Unconfirmed,100,0.000,0.000,0.000,2.000,89.000,0.000,0.000,0.000,0.000,0.000,0.000,0.000,0.000,1.000,0.000,0.000,0.000,0.000,8.000
3359941,AMP80252.jpg,Unconfirmed,100,0.000,0.000,0.000,5.000,69.000,0.000,0.000,0.000,6.000,0.000,0.000,0.000,0.000,0.000,0.000,0.000,0.000,0.000,20.000
3359939,AMP80253.jpg,Unconfirmed,100,0.000,0.000,0.000,3.000,82.000,0.000,0.000,0.000,1.000,0.000,0.000,0.000,0.000,1.000,0.000,0.000,0.000,0.000,13.000
3359938,AMP80254.jpg,Unconfirmed,100,0.000,0.000,0.000,3.000,34.000,0.000,0.000,0.000,1.000,0.000,0.000,0.000,0.000,0.000,0.000,0.000,0.000,0.000,62.000
3359937,AMP80255.jpg,Unconfirmed,100,0.000,0.000,0.000,11.000,59.000,0.000,0.000,0.000,10.000,0.000,0.000,0.000,0.000,0.000,0.000,0.000,0.000,0.000,20.000
3359936,AMP80256.jpg,Unconfirmed,100,0.000,0.000,0.000,1.000,92.000,0.000,0.000,0.000,4.000,0.000,0.000,0.000,0.000,0.000,0.000,0.000,0.000,0.000,3.000
3359935,AMP80257.jpg,Unconfirmed,100,0.000,0.000,0.000,1.000,92.000,0.000,0.000,0.000,0.000,0.000,0.000,0.000,0.000,0.000,0.000,0.000,0.000,0.000,7.000
3359934,AMP80258.jpg,Unconfirmed,100,0.000,0.000,0.000,8.000,81.000,0.000,0.000,0.000,2.000,0.000,0.000,0.000,0.000,1.000,0.000,0.000,0.000,0.000,8.000
3359933,AMP80259.jpg,Unconfirmed,100,0.000,0.000,0.000,0.000,88.000,0.000,0.000,0.000,1.000,0.000,0.000,0.000,0.000,0.000,0.000,0.000,0.000,0.000,11.000
3359932,AMP80260.jpg,Unconfirmed,100,0.000,0.000,0.000,1.000,81.000,0.000,0.000,0.000,1.000,0.000,0.000,0.000,0.000,0.000,0.000,0.000,0.000,0.000,17.000
3359931,AMP80261.jpg,Unconfirmed,100,0.000,0.000,0.000,3.000,41.000,0.000,0.000,0.000,7.000,0.000,0.000,0.000,0.000,1.000,0.000,0.000,0.000,0.000,48.000
3359930,AMP80262.jpg,Unconfirmed,100,0.000,0.000,0.000,25.000,68.000,0.000,0.000,0.000,3.000,0.000,0.000,0.000,0.000,1.000,0.000,0.000,0.000,0.000,3.000
3359929,AMP80263.jpg,Unconfirmed,100,0.000,0.000,0.000,4.000,68.000,0.000,0.000,0.000,3.000,0.000,0.000,0.000,0.000,2.000,0.000,0.000,0.000,0.000,23.000
3359928,AMP80264.jpg,Unconfirmed,100,0.000,0.000,0.000,3.000,80.000,0.000,0.000,0.000,2.000,0.000,0.000,0.000,0.000,2.000,0.000,0.000,0.000,0.000,13.000
3359927,AMP80265.jpg,Unconfirmed,100,0.000,0.000,0.000,4.000,85.000,0.000,0.000,0.000,2.000,0.000,0.000,0.000,0.000,0.000,0.000,0.000,0.000,0.000,9.000
3359925,AMP80266.jpg,Unconfirmed,100,0.000,0.000,0.000,6.000,76.000,0.000,0.000,0.000,3.000,0.000,0.000,0.000,0.000,5.000,0.000,0.000,0.000,0.000,10.000
3359924,AMP80267.jpg,Unconfirmed,100,0.000,0.000,0.000,7.000,61.000,0.000,0.000,0.000,7.000,0.000,0.000,0.000,0.000,2.000,0.000,0.000,0.000,0.000,23.000
3359923,AMP80268.jpg,Unconfirmed,100,0.000,0.000,0.000,5.000,92.000,0.000,0.000,0.000,2.000,0.000,0.000,0.000,0.000,0.000,0.000,0.000,0.000,0.000,1.000
3359922,AMP80269.jpg,Unconfirmed,100,0.000,0.000,0.000,0.000,99.000,0.000,0.000,0.000,0.000,0.000,0.000,0.000,0.000,0.000,0.000,0.000,0.000,0.000,1.000
3359921,AMP80270.jpg,Unconfirmed,100,0.000,0.000,0.000,2.000,95.000,0.000,0.000,0.000,0.000,0.000,0.000,0.000,0.000,0.000,0.000,0.000,0.000,0.000,3.000
3359920,AMP80271.jpg,Unconfirmed,100,0.000,0.000,0.000,15.000,54.000,0.000,0.000,0.000,6.000,0.000,0.000,0.000,0.000,3.000,0.000,0.000,0.000,0.000,22.000
3359919,AMP80272.jpg,Unconfirmed,100,0.000,0.000,0.000,10.000,63.000,0.000,0.000,0.000,10.000,0.000,0.000,0.000,0.000,6.000,0.000,0.000,0.000,0.000,11.000
3359918,AMP80273.jpg,Unconfirmed,100,0.000,0.000,0.000,5.000,41.000,0.000,0.000,0.000,0.000,0.000,0.000,0.000,0.000,3.000,0.000,0.000,0.000,0.000,51.000
3359916,AMP80274.jpg,Unconfirmed,100,0.000,0.000,0.000,20.000,51.000,0.000,0.000,0.000,11.000,0.000,0.000,0.000,0.000,1.000,0.000,0.000,0.000,0.000,17.000
3359915,AMP80275.jpg,Unconfirmed,100,0.000,0.000,0.000,3.000,40.000,0.000,0.000,0.000,9.000,0.000,0.000,0.000,0.000,2.000,0.000,0.000,0.000,0.000,46.000
3359914,AMP80276.jpg,Unconfirmed,100,0.000,0.000,0.000,0.000,2.000,0.000,0.000,0.000,48.000,0.000,1.000,0.000,0.000,18.000,4.000,0.000,0.000,0.000,27.000
3359913,AMP80277.jpg,Unconfirmed,100,0.000,0.000,0.000,0.000,14.000,0.000,0.000,0.000,22.000,0.000,0.000,0.000,0.000,1.000,0.000,0.000,0.000,0.000,63.000
3359912,AMP80278.jpg,Unconfirmed,100,0.000,0.000,0.000,0.000,41.000,0.000,0.000,0.000,27.000,0.000,0.000,0.000,0.000,6.000,0.000,0.000,0.000,0.000,26.000
3359911,AMP80279.jpg,Unconfirmed,100,0.000,0.000,0.000,0.000,78.000,0.000,0.000,0.000,0.000,0.000,0.000,0.000,0.000,0.000,0.000,0.000,0.000,0.000,22.000
3359910,AMP80280.jpg,Unconfirmed,100,0.000,0.000,0.000,1.000,44.000,0.000,0.000,0.000,32.000,0.000,0.000,0.000,0.000,1.000,0.000,0.000,0.000,0.000,22.000
3359909,AMP80282.jpg,Unconfirmed,100,0.000,0.000,0.000,1.000,0.000,0.000,0.000,0.000,80.000,0.000,0.000,0.000,0.000,12.000,0.000,0.000,0.000,0.000,7.000
3359908,AMP80283.jpg,Unconfirmed,100,0.000,0.000,0.000,0.000,0.000,0.000,0.000,0.000,82.000,0.000,0.000,0.000,0.000,6.000,0.000,0.000,0.000,0.000,12.000
3359907,AMP80284.jpg,Unconfirmed,100,0.000,0.000,0.000,0.000,0.000,0.000,0.000,0.000,78.000,0.000,0.000,0.000,0.000,13.000,0.000,0.000,0.000,0.000,9.000
3359906,AMP80285.jpg,Unconfirmed,100,0.000,0.000,0.000,0.000,0.000,0.000,0.000,0.000,70.000,0.000,1.000,0.000,0.000,16.000,0.000,0.000,0.000,0.000,13.000
3359905,AMP80286.jpg,Unconfirmed,100,0.000,0.000,0.000,0.000,0.000,0.000,0.000,0.000,94.000,0.000,0.000,0.000,0.000,0.000,0.000,0.000,0.000,0.000,6.000
3359903,AMP80287.jpg,Unconfirmed,100,0.000,0.000,0.000,1.000,0.000,0.000,0.000,0.000,71.000,0.000,0.000,0.000,0.000,10.000,0.000,0.000,0.000,0.000,18.000
3359902,AMP80288.jpg,Unconfirmed,100,0.000,0.000,0.000,0.000,0.000,0.000,0.000,0.000,65.000,0.000,0.000,0.000,0.000,10.000,0.000,0.000,0.000,0.000,25.000
3359901,AMP80289.jpg,Unconfirmed,100,0.000,0.000,0.000,0.000,0.000,0.000,0.000,0.000,52.000,0.000,0.000,0.000,0.000,22.000,0.000,0.000,0.000,0.000,26.000
3359900,AMP80290.jpg,Unconfirmed,100,0.000,0.000,0.000,0.000,0.000,0.000,0.000,0.000,61.000,0.000,0.000,0.000,0.000,29.000,0.000,0.000,0.000,0.000,10.000
3359899,AMP80291.jpg,Unconfirmed,100,0.000,0.000,0.000,1.000,0.000,0.000,0.000,0.000,64.000,0.000,0.000,0.000,0.000,17.000,0.000,0.000,0.000,0.000,18.000
3359898,AMP80292.jpg,Unconfirmed,100,0.000,0.000,0.000,0.000,0.000,0.000,0.000,0.000,76.000,0.000,0.000,0.000,0.000,9.000,0.000,0.000,0.000,0.000,15.000
3359897,AMP80293.jpg,Unconfirmed,100,0.000,0.000,0.000,0.000,0.000,0.000,0.000,0.000,83.000,0.000,1.000,0.000,0.000,3.000,0.000,0.000,0.000,0.000,13.000
3359896,AMP80294.jpg,Unconfirmed,100,0.000,0.000,0.000,0.000,0.000,0.000,0.000,0.000,75.000,0.000,0.000,0.000,0.000,16.000,0.000,0.000,0.000,0.000,9.000
3359895,AMP80295.jpg,Unconfirmed,100,0.000,0.000,0.000,0.000,1.000,0.000,0.000,0.000,91.000,0.000,1.000,0.000,0.000,0.000,0.000,0.000,0.000,0.000,7.000
3359894,AMP80296.jpg,Unconfirmed,100,0.000,0.000,0.000,0.000,0.000,0.000,0.000,0.000,91.000,0.000,0.000,0.000,0.000,0.000,0.000,0.000,0.000,0.000,9.000
3359893,AMP80297.jpg,Unconfirmed,100,0.000,0.000,0.000,0.000,0.000,0.000,0.000,0.000,60.000,0.000,1.000,0.000,0.000,15.000,0.000,0.000,0.000,0.000,24.000
