Image ID,Image name,Annotation status,Points,BRY,CNCA,CNTR,CRB,MOB,MOG,SP,WPOT,SC,Unc,MAA,MAEC,MAEF,MAEN,MAF,MAG,MALA,MALCB,MAS
3311431,AMP70007.jpg,Confirmed,100,0.000,0.000,0.000,15.000,0.000,0.000,0.000,0.000,15.000,0.000,0.000,0.000,0.000,69.000,0.000,0.000,0.000,0.000,1.000
3311430,AMP70008.jpg,Confirmed,100,0.000,0.000,0.000,11.000,0.000,0.000,0.000,0.000,76.000,0.000,0.000,0.000,0.000,0.000,0.000,0.000,0.000,0.000,13.000
3311429,AMP70009.jpg,Confirmed,100,0.000,0.000,0.000,4.000,0.000,0.000,0.000,0.000,93.000,0.000,0.000,0.000,0.000,0.000,0.000,0.000,0.000,0.000,3.000
3311428,AMP70010.jpg,Confirmed,100,0.000,0.000,0.000,9.000,0.000,0.000,0.000,0.000,0.000,0.000,0.000,0.000,0.000,72.000,0.000,0.000,0.000,0.000,19.000
3311427,AMP70011.jpg,Confirmed,100,0.000,0.000,0.000,0.000,0.000,0.000,0.000,0.000,82.000,0.000,0.000,0.000,0.000,18.000,0.000,0.000,0.000,0.000,0.000
3311426,AMP70012.jpg,Confirmed,100,0.000,0.000,0.000,0.000,0.000,0.000,0.000,0.000,74.000,0.000,0.000,0.000,0.000,14.000,0.000,0.000,0.000,0.000,12.000
3311425,AMP70013.jpg,Confirmed,100,0.000,0.000,0.000,0.000,0.000,0.000,0.000,0.000,10.000,0.000,0.000,0.000,0.000,90.000,0.000,0.000,0.000,0.000,0.000
3311424,AMP70014.jpg,Confirmed,100,0.000,0.000,0.000,3.000,0.000,0.000,0.000,0.000,12.000,0.000,0.000,0.000,0.000,73.000,0.000,0.000,0.000,0.000,12.000
3311423,AMP70015.jpg,Confirmed,100,0.000,0.000,0.000,6.000,0.000,0.000,0.000,0.000,80.000,0.000,0.000,0.000,0.000,14.000,0.000,0.000,0.000,0.000,0.000
3311422,AMP70016.jpg,Confirmed,100,0.000,0.000,0.000,0.000,0.000,0.000,0.000,0.000,100.000,0.000,0.000,0.000,0.000,0.000,0.000,0.000,0.000,0.000,0.000
3311421,AMP70017.jpg,Confirmed,100,0.000,0.000,0.000,0.000,0.000,0.000,0.000,0.000,100.000,0.000,0.000,0.000,0.000,0.000,0.000,0.000,0.000,0.000,0.000
3311420,AMP70018.jpg,Confirmed,100,0.000,0.000,0.000,0.000,0.000,0.000,0.000,0.000,85.000,0.000,0.000,0.000,0.000,0.000,0.000,0.000,0.000,0.000,15.000
3311419,AMP70019.jpg,Unconfirmed,100,0.000,0.000,0.000,0.000,0.000,0.000,0.000,0.000,78.000,0.000,0.000,0.000,0.000,22.000,0.000,0.000,0.000,0.000,0.000
3311418,AMP70020.jpg,Unconfirmed,100,0.000,0.000,0.000,0.000,0.000,0.000,0.000,0.000,87.000,0.000,0.000,0.000,0.000,13.000,0.000,0.000,0.000,0.000,0.000
3311417,AMP70021.jpg,Unconfirmed,100,0.000,0.000,0.000,0.000,0.000,0.000,0.000,0.000,76.000,0.000,0.000,0.000,0.000,24.000,0.000,0.000,0.000,0.000,0.000
3311416,AMP70022.jpg,Unconfirmed,100,0.000,0.000,0.000,2.000,2.000,0.000,0.000,0.000,53.000,0.000,0.000,0.000,0.000,35.000,1.000,0.000,0.000,0.000,7.000
3311415,AMP70023.jpg,Unconfirmed,100,0.000,0.000,0.000,0.000,0.000,0.000,0.000,0.000,12.000,0.000,0.000,0.000,0.000,88.000,0.000,0.000,0.000,0.000,0.000
3311414,AMP70024.jpg,Unconfirmed,100,0.000,0.000,0.000,0.000,0.000,0.000,0.000,0.000,61.000,0.000,0.000,0.000,0.000,39.000,0.000,0.000,0.000,0.000,0.000
3311413,AMP70025.jpg,Unconfirmed,100,0.000,0.000,0.000,0.000,0.000,0.000,0.000,0.000,31.000,0.000,0.000,0.000,0.000,69.000,0.000,0.000,0.000,0.000,0.000
3311412,AMP70026.jpg,Unconfirmed,100,0.000,0.000,0.000,0.000,0.000,0.000,0.000,0.000,86.000,0.000,0.000,0.000,0.000,14.000,0.000,0.000,0.000,0.000,0.000
3311411,AMP70027.jpg,Unconfirmed,100,0.000,0.000,0.000,0.000,0.000,0.000,0.000,0.000,64.000,0.000,0.000,0.000,0.000,36.000,0.000,0.000,0.000,0.000,0.000
3311410,AMP70028.jpg,Unconfirmed,100,0.000,0.000,0.000,0.000,0.000,0.000,0.000,0.000,94.000,0.000,0.000,0.000,0.000,6.000,0.000,0.000,0.000,0.000,0.000
3311409,AMP70029.jpg,Unconfirmed,100,0.000,0.000,0.000,3.000,0.000,0.000,0.000,0.000,88.000,0.000,0.000,0.000,0.000,9.000,0.000,0.000,0.000,0.000,0.000
3311408,AMP70030.jpg,Unconfirmed,100,0.000,0.000,0.000,1.000,0.000,0.000,0.000,0.000,71.000,0.000,1.000,0.000,0.000,26.000,0.000,0.000,0.000,0.000,1.000
3311407,AMP70031.jpg,Unconfirmed,100,0.000,0.000,0.000,3.000,0.000,0.000,0.000,0.000,89.000,0.000,0.000,0.000,0.000,8.000,0.000,0.000,0.000,0.000,0.000
3311406,AMP70032.jpg,Unconfirmed,100,0.000,0.000,0.000,6.000,0.000,0.000,0.000,0.000,32.000,0.000,0.000,0.000,0.000,62.000,0.000,0.000,0.000,0.000,0.000
3311405,AMP70033.jpg,Unconfirmed,100,0.000,0.000,0.000,4.000,0.000,0.000,0.000,0.000,91.000,0.000,0.000,0.000,0.000,5.000,0.000,0.000,0.000,0.000,0.000
3311404,AMP70034.jpg,Unconfirmed,100,0.000,0.000,0.000,1.000,0.000,0.000,0.000,0.000,56.000,0.000,0.000,0.000,0.000,43.000,0.000,0.000,0.000,0.000,0.000
3311403,AMP70035.jpg,Unconfirmed,100,0.000,0.000,0.000,20.000,0.000,0.000,0.000,0.000,33.000,0.000,0.000,0.000,0.000,47.000,0.000,0.000,0.000,0.000,0.000
3311402,AMP70036.jpg,Unconfirmed,100,0.000,0.000,0.000,3.000,0.000,0.000,0.000,0.000,52.000,0.000,0.000,0.000,0.000,45.000,0.000,0.000,0.000,0.000,0.000
3311401,AMP70037.jpg,Unconfirmed,100,0.000,0.000,0.000,3.000,0.000,0.000,0.000,0.000,63.000,0.000,0.000,0.000,0.000,3.000,29.000,0.000,0.000,0.000,2.000
3311400,AMP70038.jpg,Unconfirmed,100,0.000,0.000,0.000,2.000,0.000,0.000,0.000,0.000,33.000,0.000,0.000,0.000,0.000,16.000,49.000,0.000,0.000,0.000,0.000
3311399,AMP70039.jpg,Unconfirmed,100,0.000,0.000,0.000,0.000,0.000,0.000,0.000,0.000,65.000,0.000,0.000,0.000,0.000,25.000,8.000,0.000,0.000,0.000,2.000
3311398,AMP70040.jpg,Unconfirmed,100,0.000,0.000,0.000,1.000,0.000,0.000,0.000,0.000,81.000,0.000,0.000,0.000,0.000,18.000,0.000,0.000,0.000,0.000,0.000
3311397,AMP70041.jpg,Unconfirmed,100,0.000,0.000,0.000,0.000,1.000,0.000,0.000,0.000,50.000,0.000,0.000,0.000,0.000,43.000,6.000,0.000,0.000,0.000,0.000
3311396,AMP70042.jpg,Unconfirmed,100,0.000,0.000,0.000,0.000,0.000,0.000,0.000,0.000,8.000,0.000,0.000,0.000,0.000,35.000,56.000,0.000,0.000,0.000,1.000
3311395,AMP70043.jpg,Unconfirmed,100,0.000,0.000,0.000,0.000,0.000,0.000,0.000,0.000,59.000,0.000,0.000,0.000,0.000,41.000,0.000,0.000,0.000,0.000,0.000
3311394,AMP70044.jpg,Unconfirmed,100,0.000,0.000,0.000,1.000,0.000,0.000,0.000,0.000,7.000,0.000,0.000,0.000,0.000,51.000,40.000,0.000,0.000,0.000,1.000
3311393,AMP70045.jpg,Unconfirmed,100,0.000,0.000,0.000,3.000,0.000,0.000,0.000,0.000,72.000,0.000,13.000,0.000,0.000,8.000,0.000,0.000,0.000,0.000,4.000
3311392,AMP70046.jpg,Unconfirmed,100,0.000,0.000,0.000,0.000,0.000,0.000,0.000,0.000,97.000,0.000,0.000,0.000,0.000,3.000,0.000,0.000,0.000,0.000,0.000
3311391,AMP70048.jpg,Unconfirmed,100,0.000,0.000,0.000,0.000,0.000,0.000,0.000,0.000,11.000,0.000,0.000,0.000,0.000,1.000,56.000,0.000,0.000,0.000,32.000
3311390,AMP70049.jpg,Unconfirmed,100,0.000,0.000,0.000,0.000,0.000,0.000,0.000,0.000,0.000,0.000,0.000,0.000,0.000,2.000,51.000,0.000,0.000,0.000,47.000
3311389,AMP70050.jpg,Unconfirmed,100,0.000,0.000,0.000,0.000,0.000,0.000,0.000,0.000,3.000,0.000,0.000,0.000,0.000,9.000,64.000,0.000,0.000,0.000,24.000
3311388,AMP70051.jpg,Unconfirmed,100,0.000,0.000,0.000,0.000,0.000,0.000,0.000,0.000,13.000,0.000,0.000,0.000,0.000,1.000,51.000,0.000,0.000,0.000,35.000
3311387,AMP70052.jpg,Unconfirmed,100,0.000,0.000,0.000,1.000,0.000,0.000,0.000,0.000,11.000,0.000,0.000,0.000,0.000,3.000,41.000,0.000,0.000,0.000,44.000
3311386,AMP70053.jpg,Unconfirmed,100,0.000,0.000,0.000,2.000,0.000,0.000,0.000,0.000,5.000,0.000,0.000,0.000,0.000,0.000,62.000,0.000,0.000,0.000,31.000
3311385,AMP70054.jpg,Unconfirmed,100,0.000,0.000,0.000,5.000,0.000,0.000,0.000,0.000,11.000,0.000,0.000,0.000,0.000,1.000,58.000,0.000,0.000,0.000,25.000
3311384,AMP70055.jpg,Unconfirmed,100,0.000,0.000,0.000,1.000,0.000,0.000,0.000,0.000,4.000,0.000,0.000,0.000,0.000,3.000,81.000,0.000,0.000,0.000,11.000
3311383,AMP70056.jpg,Unconfirmed,100,0.000,0.000,0.000,0.000,0.000,0.000,0.000,0.000,11.000,0.000,0.000,0.000,0.000,0.000,47.000,0.000,0.000,0.000,42.000
3311382,AMP70057.jpg,Unconfirmed,100,0.000,0.000,0.000,1.000,0.000,0.000,0.000,0.000,3.000,0.000,0.000,0.000,0.000,3.000,18.000,0.000,0.000,0.000,75.000
3311381,AMP70058.jpg,Unconfirmed,100,0.000,0.000,0.000,0.000,7.000,0.000,0.000,0.000,33.000,0.000,0.000,0.000,0.000,2.000,24.000,0.000,0.000,0.000,34.000
3311380,AMP70059.jpg,Unconfirmed,100,0.000,0.000,0.000,1.000,46.000,0.000,0.000,0.000,42.000,0.000,0.000,0.000,0.000,4.000,0.000,0.000,0.000,0.000,7.000
3311379,AMP70060.jpg,Unconfirmed,100,0.000,0.000,0.000,4.000,1.000,0.000,0.000,0.000,14.000,0.000,0.000,0.000,0.000,1.000,65.000,0.000,0.000,0.000,15.000
3311378,AMP70061.jpg,Unconfirmed,100,0.000,0.000,0.000,0.000,0.000,0.000,0.000,0.000,27.000,0.000,0.000,0.000,0.000,2.000,45.000,0.000,0.000,0.000,26.000
3311377,AMP70062.jpg,Unconfirmed,100,0.000,0.000,0.000,1.000,0.000,0.000,0.000,0.000,16.000,0.000,0.000,0.000,0.000,0.000,32.000,0.000,0.000,0.000,51.000
3311376,AMP70063.jpg,Unconfirmed,100,0.000,0.000,0.000,1.000,0.000,0.000,0.000,0.000,44.000,0.000,0.000,0.000,0.000,8.000,13.000,0.000,0.000,0.000,34.000
3311375,AMP70064.jpg,Unconfirmed,100,0.000,0.000,0.000,0.000,1.000,0.000,0.000,0.000,25.000,0.000,0.000,0.000,0.000,4.000,14.000,0.000,0.000,0.000,56.000
3311374,AMP70065.jpg,Unconfirmed,100,0.000,0.000,0.000,1.000,0.000,0.000,0.000,0.000,7.000,0.000,0.000,0.000,0.000,2.000,38.000,0.000,0.000,0.000,52.000
3311373,AMP70066.jpg,Unconfirmed,100,0.000,0.000,0.000,1.000,0.000,0.000,0.000,0.000,13.000,0.000,0.000,0.000,0.000,1.000,37.000,0.000,0.000,0.000,48.000
3311372,AMP70067.jpg,Unconfirmed,100,0.000,0.000,0.000,2.000,1.000,0.000,0.000,0.000,14.000,0.000,0.000,0.000,0.000,0.000,47.000,0.000,0.000,0.000,36.000
3311371,AMP70068.jpg,Unconfirmed,100,0.000,0.000,0.000,0.000,2.000,0.000,0.000,0.000,6.000,0.000,0.000,0.000,0.000,1.000,35.000,0.000,0.000,0.000,56.000
3311370,AMP70069.jpg,Unconfirmed,100,0.000,0.000,0.000,1.000,1.000,0.000,0.000,0.000,21.000,0.000,0.000,0.000,0.000,0.000,13.000,0.000,0.000,0.000,64.000
3311369,AMP70070.jpg,Unconfirmed,100,0.000,0.000,0.000,4.000,27.000,0.000,0.000,0.000,33.000,0.000,0.000,0.000,0.000,3.000,15.000,0.000,0.000,0.000,18.000
3311368,AMP70071.jpg,Unconfirmed,100,0.000,0.000,0.000,4.000,22.000,0.000,0.000,0.000,27.000,0.000,0.000,0.000,0.000,2.000,12.000,0.000,0.000,0.000,33.000
3311367,AMP70072.jpg,Unconfirmed,100,0.000,0.000,0.000,7.000,75.000,0.000,0.000,0.000,18.000,0.000,0.000,0.000,0.000,0.000,0.000,0.000,0.000,0.000,0.000
3311366,AMP70073.jpg,Unconfirmed,100,0.000,0.000,0.000,13.000,14.000,0.000,0.000,0.000,20.000,0.000,2.000,0.000,0.000,1.000,20.000,0.000,0.000,0.000,30.000
3311364,AMP70074.jpg,Unconfirmed,100,0.000,0.000,0.000,2.000,82.000,0.000,0.000,0.000,5.000,0.000,0.000,0.000,0.000,3.000,4.000,0.000,0.000,0.000,4.000
3311365,AMP70075.jpg,Unconfirmed,100,0.000,0.000,0.000,13.000,66.000,0.000,0.000,0.000,18.000,0.000,0.000,0.000,0.000,0.000,0.000,0.000,0.000,0.000,3.000
3311363,AMP70076.jpg,Unconfirmed,100,0.000,0.000,0.000,25.000,22.000,0.000,0.000,0.000,48.000,0.000,0.000,0.000,0.000,5.000,0.000,0.000,0.000,0.000,0.000
3311362,AMP70077.jpg,Unconfirmed,100,0.000,0.000,0.000,4.000,41.000,0.000,0.000,0.000,43.000,0.000,0.000,0.000,0.000,0.000,7.000,0.000,0.000,0.000,5.000
3311361,AMP70078.jpg,Unconfirmed,100,0.000,0.000,0.000,1.000,71.000,0.000,0.000,0.000,14.000,0.000,0.000,0.000,0.000,2.000,5.000,0.000,0.000,0.000,7.000
3311360,AMP70079.jpg,Unconfirmed,100,0.000,0.000,0.000,11.000,11.000,0.000,0.000,0.000,19.000,0.000,0.000,0.000,0.000,6.000,22.000,0.000,0.000,0.000,31.000
3311359,AMP70080.jpg,Unconfirmed,100,0.000,0.000,0.000,0.000,1.000,0.000,0.000,0.000,5.000,0.000,0.000,0.000,0.000,3.000,10.000,0.000,0.000,0.000,81.000
3311358,AMP70081.jpg,Unconfirmed,100,0.000,0.000,0.000,3.000,1.000,0.000,0.000,0.000,3.000,0.000,0.000,0.000,0.000,1.000,16.000,0.000,0.000,0.000,76.000
3311357,AMP70082.jpg,Unconfirmed,100,0.000,0.000,0.000,1.000,1.000,0.000,0.000,0.000,15.000,0.000,0.000,0.000,0.000,7.000,11.000,0.000,0.000,0.000,65.000
3311356,AMP70083.jpg,Unconfirmed,100,0.000,0.000,0.000,4.000,2.000,0.000,0.000,0.000,31.000,0.000,0.000,0.000,0.000,8.000,8.000,0.000,0.000,0.000,47.000
3311347,AMP70084.jpg,Unconfirmed,100,0.000,0.000,0.000,4.000,3.000,0.000,0.000,0.000,22.000,0.000,0.000,0.000,0.000,16.000,6.000,0.000,0.000,0.000,49.000
3311355,AMP70085.jpg,Unconfirmed,100,0.000,0.000,0.000,3.000,0.000,0.000,0.000,0.000,24.000,0.000,0.000,0.000,0.000,7.000,13.000,0.000,0.000,0.000,53.000
3311328,AMP70086.jpg,Unconfirmed,100,0.000,0.000,0.000,4.000,0.000,0.000,0.000,0.000,41.000,0.000,0.000,0.000,0.000,11.000,12.000,0.000,0.000,0.000,32.000
3311327,AMP70087.jpg,Unconfirmed,100,0.000,0.000,0.000,6.000,2.000,0.000,0.000,0.000,23.000,0.000,0.000,0.000,0.000,17.000,3.000,0.000,0.000,0.000,49.000
3311326,AMP70088.jpg,Unconfirmed,100,0.000,0.000,0.000,0.000,0.000,0.000,0.000,0.000,8.000,0.000,0.000,0.000,0.000,1.000,15.000,0.000,0.000,0.000,76.000
3311325,AMP70089.jpg,Unconfirmed,100,0.000,0.000,0.000,3.000,0.000,0.000,0.000,0.000,13.000,0.000,0.000,0.000,0.000,8.000,36.000,0.000,0.000,0.000,40.000
3311324,AMP70090.jpg,Unconfirmed,100,0.000,0.000,0.000,9.000,7.000,0.000,0.000,0.000,18.000,0.000,0.000,0.000,0.000,9.000,6.000,0.000,0.000,0.000,51.000
3311323,AMP70091.jpg,Unconfirmed,100,0.000,0.000,0.000,0.000,1.000,0.000,0.000,0.000,10.000,0.000,0.000,0.000,0.000,0.000,20.000,0.000,0.000,0.000,69.000
3311322,AMP70093.jpg,Unconfirmed,100,0.000,0.000,0.000,1.000,8.000,0.000,0.000,0.000,25.000,0.000,1.000,0.000,0.000,0.000,8.000,0.000,0.000,0.000,57.000
3311321,AMP70094.jpg,Unconfirmed,100,0.000,0.000,0.000,2.000,1.000,0.000,0.000,0.000,25.000,0.000,6.000,0.000,0.000,2.000,11.000,0.000,0.000,0.000,53.000
3311320,AMP70095.jpg,Unconfirmed,100,0.000,0.000,0.000,2.000,1.000,5.000,0.000,0.000,29.000,0.000,5.000,0.000,0.000,7.000,3.000,0.000,0.000,0.000,48.000
3311319,AMP70096.jpg,Unconfirmed,100,0.000,0.000,0.000,1.000,1.000,2.000,0.000,0.000,28.000,0.000,1.000,0.000,0.000,3.000,10.000,0.000,0.000,0.000,54.000
3311318,AMP70097.jpg,Unconfirmed,100,0.000,0.000,0.000,0.000,2.000,0.000,0.000,0.000,26.000,0.000,2.000,0.000,0.000,3.000,9.000,0.000,0.000,0.000,58.000
3311317,AMP70098.jpg,Unconfirmed,100,0.000,0.000,0.000,2.000,10.000,0.000,0.000,0.000,21.000,0.000,2.000,0.000,0.000,1.000,10.000,0.000,0.000,0.000,54.000
3311316,AMP70099.jpg,Unconfirmed,100,0.000,0.000,0.000,2.000,0.000,1.000,0.000,0.000,54.000,0.000,13.000,0.000,0.000,7.000,10.000,0.000,0.000,0.000,13.000
3311315,AMP70100.jpg,Unconfirmed,100,0.000,0.000,0.000,0.000,0.000,0.000,0.000,0.000,59.000,0.000,10.000,0.000,0.000,5.000,7.000,0.000,0.000,0.000,19.000
3311314,AMP70101.jpg,Unconfirmed,100,0.000,0.000,0.000,2.000,0.000,0.000,0.000,0.000,42.000,0.000,5.000,0.000,0.000,16.000,5.000,0.000,0.000,0.000,30.000
3311313,AMP70102.jpg,Unconfirmed,100,0.000,0.000,0.000,2.000,1.000,1.000,0.000,0.000,36.000,0.000,8.000,0.000,0.000,7.000,17.000,0.000,0.000,0.000,28.000
3311312,AMP70103.jpg,Unconfirmed,100,0.000,0.000,0.000,1.000,6.000,0.000,0.000,0.000,31.000,0.000,4.000,0.000,0.000,1.000,15.000,0.000,0.000,0.000,42.000
3311311,AMP70104.jpg,Unconfirmed,100,0.000,0.000,0.000,1.000,0.000,0.000,0.000,0.000,61.000,0.000,1.000,0.000,0.000,16.000,3.000,0.000,0.000,0.000,18.000
3311310,AMP70105.jpg,Unconfirmed,100,0.000,0.000,0.000,0.000,1.000,0.000,0.000,0.000,57.000,0.000,10.000,0.000,0.000,7.000,6.000,0.000,0.000,0.000,19.000
3311309,AMP70106.jpg,Unconfirmed,100,0.000,0.000,0.000,0.000,0.000,0.000,0.000,0.000,12.000,0.000,13.000,0.000,0.000,6.000,6.000,0.000,0.000,0.000,63.000
3311308,AMP70107.jpg,Unconfirmed,100,0.000,0.000,0.000,0.000,0.000,0.000,0.000,0.000,22.000,0.000,2.000,0.000,0.000,1.000,3.000,0.000,0.000,0.000,72.000
3311307,AMP70108.jpg,Unconfirmed,100,0.000,0.000,0.000,0.000,0.000,0.000,0.000,0.000,10.000,0.000,40.000,0.000,0.000,2.000,0.000,0.000,0.000,0.000,48.000
3311306,AMP70109.jpg,Unconfirmed,100,0.000,0.000,0.000,1.000,1.000,0.000,0.000,0.000,24.000,0.000,23.000,0.000,0.000,1.000,2.000,0.000,0.000,0.000,48.000
3311305,AMP70110.jpg,Unconfirmed,100,0.000,0.000,0.000,0.000,0.000,0.000,0.000,0.000,27.000,0.000,27.000,0.000,0.000,3.000,0.000,0.000,0.000,0.000,43.000
3311304,AMP70111.jpg,Unconfirmed,100,0.000,0.000,0.000,2.000,0.000,0.000,0.000,0.000,26.000,0.000,15.000,0.000,0.000,0.000,3.000,0.000,0.000,0.000,54.000
3311303,AMP70112.jpg,Unconfirmed,100,0.000,0.000,0.000,0.000,3.000,0.000,0.000,0.000,21.000,0.000,44.000,0.000,0.000,1.000,0.000,0.000,0.000,0.000,31.000
3311302,AMP70113.jpg,Unconfirmed,100,0.000,0.000,0.000,2.000,0.000,0.000,0.000,0.000,24.000,0.000,43.000,0.000,0.000,1.000,2.000,0.000,0.000,0.000,28.000
3311301,AMP70114.jpg,Unconfirmed,100,0.000,0.000,0.000,0.000,0.000,0.000,0.000,0.000,17.000,0.000,26.000,0.000,0.000,3.000,2.000,0.000,0.000,0.000,52.000
3311300,AMP70115.jpg,Unconfirmed,100,0.000,0.000,0.000,0.000,0.000,0.000,0.000,0.000,11.000,0.000,32.000,0.000,0.000,7.000,3.000,0.000,0.000,0.000,47.000
3311299,AMP70116.jpg,Unconfirmed,100,0.000,0.000,0.000,1.000,0.000,0.000,0.000,0.000,12.000,0.000,38.000,0.000,0.000,4.000,1.000,0.000,0.000,0.000,44.000
3311298,AMP70117.jpg,Unconfirmed,100,0.000,0.000,0.000,1.000,0.000,0.000,0.000,0.000,20.000,0.000,42.000,0.000,0.000,6.000,0.000,0.000,0.000,0.000,31.000
3311297,AMP70118.jpg,Unconfirmed,100,0.000,0.000,0.000,0.000,0.000,1.000,0.000,0.000,18.000,0.000,44.000,0.000,0.000,3.000,0.000,0.000,0.000,0.000,34.000
3311296,AMP70119.jpg,Unconfirmed,100,0.000,0.000,0.000,3.000,1.000,0.000,0.000,0.000,25.000,0.000,36.000,0.000,0.000,11.000,3.000,0.000,0.000,0.000,21.000
3311295,AMP70120.jpg,Unconfirmed,100,0.000,0.000,0.000,1.000,0.000,0.000,0.000,0.000,3.000,0.000,49.000,0.000,0.000,4.000,1.000,0.000,0.000,0.000,42.000
3311294,AMP70121.jpg,Unconfirmed,100,0.000,0.000,0.000,0.000,0.000,0.000,0.000,0.000,23.000,0.000,21.000,0.000,0.000,1.000,1.000,0.000,0.000,0.000,54.000
3311293,AMP70122.jpg,Unconfirmed,100,0.000,0.000,0.000,0.000,0.000,0.000,0.000,0.000,27.000,0.000,27.000,0.000,0.000,2.000,0.000,0.000,0.000,0.000,44.000
3311292,AMP70123.jpg,Unconfirmed,100,0.000,0.000,0.000,1.000,0.000,0.000,0.000,0.000,22.000,0.000,22.000,0.000,0.000,2.000,16.000,0.000,0.000,0.000,37.000
3311291,AMP70124.jpg,Unconfirmed,100,0.000,0.000,0.000,0.000,0.000,0.000,0.000,0.000,9.000,0.000,33.000,0.000,0.000,6.000,10.000,0.000,0.000,0.000,42.000
3311290,AMP70125.jpg,Unconfirmed,100,0.000,0.000,0.000,1.000,0.000,0.000,0.000,0.000,7.000,0.000,36.000,0.000,0.000,7.000,4.000,0.000,0.000,0.000,45.000
3311289,AMP70126.jpg,Unconfirmed,100,0.000,0.000,0.000,0.000,0.000,1.000,0.000,0.000,10.000,0.000,51.000,0.000,0.000,4.000,2.000,0.000,0.000,0.000,32.000
3311288,AMP70127.jpg,Unconfirmed,100,0.000,0.000,0.000,0.000,0.000,0.000,0.000,0.000,11.000,0.000,25.000,0.000,0.000,1.000,1.000,0.000,0.000,0.000,62.000
3311287,AMP70128.jpg,Unconfirmed,100,0.000,0.000,0.000,0.000,0.000,0.000,0.000,0.000,17.000,0.000,32.000,0.000,0.000,8.000,4.000,0.000,0.000,0.000,39.000
3311286,AMP70129.jpg,Unconfirmed,100,0.000,0.000,0.000,0.000,0.000,0.000,0.000,0.000,17.000,0.000,22.000,0.000,0.000,0.000,1.000,0.000,0.000,0.000,60.000
3311285,AMP70130.jpg,Unconfirmed,100,0.000,0.000,0.000,0.000,0.000,0.000,0.000,0.000,12.000,0.000,43.000,0.000,0.000,5.000,3.000,0.000,0.000,0.000,37.000
3311284,AMP70131.jpg,Unconfirmed,100,0.000,0.000,0.000,0.000,1.000,1.000,0.000,0.000,9.000,0.000,27.000,0.000,0.000,2.000,4.000,0.000,0.000,0.000,56.000
3311283,AMP70132.jpg,Unconfirmed,100,0.000,0.000,0.000,0.000,0.000,2.000,0.000,0.000,20.000,0.000,21.000,0.000,0.000,7.000,2.000,0.000,0.000,0.000,48.000
3311282,AMP70133.jpg,Unconfirmed,100,0.000,0.000,0.000,0.000,0.000,1.000,0.000,0.000,9.000,0.000,46.000,0.000,0.000,5.000,0.000,0.000,0.000,0.000,39.000
3311281,AMP70134.jpg,Unconfirmed,100,0.000,0.000,0.000,0.000,0.000,0.000,0.000,0.000,9.000,0.000,36.000,0.000,0.000,0.000,1.000,0.000,0.000,0.000,54.000
3311280,AMP70135.jpg,Unconfirmed,100,0.000,0.000,0.000,0.000,0.000,0.000,0.000,0.000,8.000,0.000,67.000,0.000,0.000,1.000,2.000,0.000,0.000,0.000,22.000
3311279,AMP70136.jpg,Unconfirmed,100,0.000,0.000,0.000,1.000,1.000,1.000,0.000,0.000,17.000,0.000,30.000,0.000,0.000,1.000,9.000,0.000,0.000,0.000,40.000
3311278,AMP70137.jpg,Unconfirmed,100,0.000,0.000,0.000,1.000,1.000,0.000,0.000,0.000,18.000,0.000,54.000,0.000,0.000,1.000,3.000,0.000,0.000,0.000,22.000
3311277,AMP70138.jpg,Unconfirmed,100,0.000,0.000,0.000,0.000,0.000,0.000,0.000,0.000,27.000,0.000,32.000,0.000,0.000,2.000,0.000,0.000,0.000,0.000,39.000
3311276,AMP70139.jpg,Unconfirmed,100,0.000,0.000,0.000,0.000,0.000,0.000,0.000,0.000,17.000,0.000,18.000,0.000,0.000,5.000,2.000,0.000,0.000,0.000,58.000
3311275,AMP70140.jpg,Unconfirmed,100,0.000,0.000,0.000,2.000,0.000,0.000,0.000,0.000,32.000,0.000,41.000,0.000,0.000,9.000,1.000,0.000,0.000,0.000,15.000
3311274,AMP70141.jpg,Unconfirmed,100,0.000,0.000,0.000,0.000,0.000,0.000,0.000,0.000,51.000,0.000,12.000,0.000,0.000,6.000,3.000,0.000,0.000,0.000,28.000
3311273,AMP70142.jpg,Unconfirmed,100,0.000,0.000,0.000,1.000,0.000,0.000,0.000,0.000,21.000,0.000,34.000,0.000,0.000,10.000,3.000,0.000,0.000,0.000,31.000
3311272,AMP70143.jpg,Unconfirmed,100,0.000,0.000,0.000,2.000,0.000,4.000,0.000,0.000,14.000,0.000,49.000,0.000,0.000,10.000,3.000,0.000,0.000,0.000,18.000
ALL IMAGES,,,,0.000,0.000,0.000,2.074,4.074,0.148,0.000,0.000,32.452,0.000,9.904,0.000,0.000,11.593,11.385,0.000,0.000,0.000,28.370
